LightYield: 24000
MIPdEdx: 2.2
DriftVelocity: 0.1596452482154287
# Cryostat
MaxPosition: [ 15.1362, 63.0936, 31.015]
MinPosition: [-15.1362,-63.0936,-31.015]
#MaxPosition: [ 63.9224, 63.0936, 64.515]
#MinPosition: [ 33.6500,-63.0936,  2.485]
# This is active BB definition
ActiveVolumeMax: [ 15.1362, 63.0936, 31.015]
ActiveVolumeMin: [-15.1362,-63.0936,-31.015]
#ActiveVolumeMax: [ 63.9224, 63.0936, 64.515]
#ActiveVolumeMin: [ 33.6500,-63.0936,  2.485]
# this is photon library definition
#PhotonLibraryVolumeMax: [ 15.1362, 63.0936, 31.015]
#PhotonLibraryVolumeMin: [-15.1362,-63.0936,-31.015]
#PhotonLibraryNvoxels: [32, 128, 64]
#PhotonLibraryNOpDetChannels: 48

PMT0: [15.140000,-60.070000,-31.490000]
PMT1: [15.140000,-55.370000,-31.490000]
PMT2: [15.140000,-48.870000,-31.490000]
PMT3: [15.140000,-44.170000,-31.490000]
PMT4: [15.140000,-37.670000,-31.490000]
PMT5: [15.140000,-32.970000,-31.490000]
PMT6: [15.140000,-29.070000,-31.490000]
PMT7: [15.140000,-24.370000,-31.490000]
PMT8: [15.140000,-17.870000,-31.490000]
PMT9: [15.140000,-13.170000,-31.490000]
PMT10: [15.140000,-6.670000,-31.490000]
PMT11: [15.140000,-1.970000,-31.490000]
PMT12: [15.140000,1.970000,-31.490000]
PMT13: [15.140000,6.670000,-31.490000]
PMT14: [15.140000,13.170000,-31.490000]
PMT15: [15.140000,17.870000,-31.490000]
PMT16: [15.140000,24.370000,-31.490000]
PMT17: [15.140000,29.070000,-31.490000]
PMT18: [15.140000,32.970000,-31.490000]
PMT19: [15.140000,37.670000,-31.490000]
PMT20: [15.140000,44.170000,-31.490000]
PMT21: [15.140000,48.870000,-31.490000]
PMT22: [15.140000,55.370000,-31.490000]
PMT23: [15.140000,60.070000,-31.490000]
PMT24: [15.140000,-60.070000,31.490000]
PMT25: [15.140000,-55.370000,31.490000]
PMT26: [15.140000,-48.870000,31.490000]
PMT27: [15.140000,-44.170000,31.490000]
PMT28: [15.140000,-37.670000,31.490000]
PMT29: [15.140000,-32.970000,31.490000]
PMT30: [15.140000,-29.070000,31.490000]
PMT31: [15.140000,-24.370000,31.490000]
PMT32: [15.140000,-17.870000,31.490000]
PMT33: [15.140000,-13.170000,31.490000]
PMT34: [15.140000,-6.670000,31.490000]
PMT35: [15.140000,-1.970000,31.490000]
PMT36: [15.140000,1.970000,31.490000]
PMT37: [15.140000,6.670000,31.490000]
PMT38: [15.140000,13.170000,31.490000]
PMT39: [15.140000,17.870000,31.490000]
PMT40: [15.140000,24.370000,31.490000]
PMT41: [15.140000,29.070000,31.490000]
PMT42: [15.140000,32.970000,31.490000]
PMT43: [15.140000,37.670000,31.490000]
PMT44: [15.140000,44.170000,31.490000]
PMT45: [15.140000,48.870000,31.490000]
PMT46: [15.140000,55.370000,31.490000]
PMT47: [15.140000,60.070000,31.490000]


